p cnf 45 156
1 2 3 0
4 5 6 0
7 8 9 0
10 11 12 0
13 14 15 0
16 17 18 0
19 20 21 0
22 23 24 0
25 26 27 0
28 29 30 0
31 32 33 0
34 35 36 0
37 38 39 0
40 41 42 0
43 44 45 0
-1 -2 0
-1 -3 0
-3 -2 0
-4 -5 0
-4 -6 0
-6 -5 0
-7 -8 0
-7 -9 0
-9 -8 0
-10 -11 0
-10 -12 0
-12 -11 0
-13 -14 0
-13 -15 0
-15 -14 0
-16 -17 0
-16 -18 0
-18 -17 0
-19 -20 0
-19 -21 0
-21 -20 0
-22 -23 0
-22 -24 0
-24 -23 0
-25 -26 0
-25 -27 0
-27 -26 0
-28 -29 0
-28 -30 0
-30 -29 0
-31 -32 0
-31 -33 0
-33 -32 0
-34 -35 0
-34 -36 0
-36 -35 0
-37 -38 0
-37 -39 0
-39 -38 0
-40 -41 0
-40 -42 0
-42 -41 0
-43 -44 0
-43 -45 0
-45 -44 0
-1 -4 0
-2 -5 0
-3 -6 0
-1 -7 0
-2 -8 0
-3 -9 0
-1 -19 0
-2 -20 0
-3 -21 0
-1 -22 0
-2 -23 0
-3 -24 0
-1 -25 0
-2 -26 0
-3 -27 0
-1 -28 0
-2 -29 0
-3 -30 0
-1 -31 0
-2 -32 0
-3 -33 0
-1 -34 0
-2 -35 0
-3 -36 0
-4 -7 0
-5 -8 0
-6 -9 0
-4 -10 0
-5 -11 0
-6 -12 0
-4 -22 0
-5 -23 0
-6 -24 0
-7 -10 0
-8 -11 0
-9 -12 0
-7 -13 0
-8 -14 0
-9 -15 0
-10 -13 0
-11 -14 0
-12 -15 0
-10 -16 0
-11 -17 0
-12 -18 0
-13 -16 0
-14 -17 0
-15 -18 0
-13 -19 0
-14 -20 0
-15 -21 0
-16 -19 0
-17 -20 0
-18 -21 0
-16 -22 0
-17 -23 0
-18 -24 0
-19 -22 0
-20 -23 0
-21 -24 0
-25 -28 0
-26 -29 0
-27 -30 0
-25 -31 0
-26 -32 0
-27 -33 0
-25 -40 0
-26 -41 0
-27 -42 0
-28 -34 0
-29 -35 0
-30 -36 0
-28 -37 0
-29 -38 0
-30 -39 0
-31 -40 0
-32 -41 0
-33 -42 0
-31 -43 0
-32 -44 0
-33 -45 0
-34 -37 0
-35 -38 0
-36 -39 0
-34 -43 0
-35 -44 0
-36 -45 0
-37 -40 0
-38 -41 0
-39 -42 0
-37 -43 0
-38 -44 0
-39 -45 0
-40 -43 0
-41 -44 0
-42 -45 0